9.094280620905020237e+08
7.772987004279770851e+08
8.331414306408213377e+08
1.003642936125317693e+09
8.606372290287601948e+08
9.352704661563255787e+08
8.760263613383511305e+08
7.925315421391918659e+08
9.393985293795237541e+08
8.527512913958408833e+08
7.794993148905739784e+08
9.014924289659210443e+08
9.519991338093394041e+08
9.171049320127961636e+08
9.604542918628261089e+08
8.426178752673885822e+08
1.013754965660034657e+09
8.269339688255848885e+08
9.125740719407386780e+08
8.170068590694311857e+08
1.005892290566145301e+09
9.554599141354110241e+08
7.961412493827393055e+08
9.595753019878950119e+08
9.745311465431709290e+08
8.130828611167500019e+08
8.947947930263830423e+08
9.717904671027586460e+08
9.103674720651688576e+08
9.530400046418879032e+08
8.798177621470094919e+08
8.873651034184383154e+08
9.568512629824671745e+08
8.337314461821051836e+08
1.017610338481423855e+09
8.210713822360109091e+08
9.493525311788325310e+08
9.147207958414452076e+08
8.947682921546392441e+08
8.482159265348052979e+08
9.037173630495178699e+08
9.096872409411016703e+08
8.543622134208053350e+08
1.078618290969371319e+09
8.300994728208611012e+08
8.177200777084985971e+08
8.266388542857533693e+08
9.243941083269572258e+08
8.090733316446681023e+08
8.504000315673246384e+08
9.536800170683916807e+08
8.392863646075787544e+08
7.907092629441615343e+08
8.937137530867583752e+08
8.972184239500703812e+08
1.008372843905534267e+09
9.863352987191066742e+08
8.792372695246661901e+08
8.611042489683606625e+08
8.904025001641385555e+08
8.808225995916222334e+08
7.986706033865008354e+08
8.625559875242154598e+08
8.077274424001153708e+08
1.029031060767555594e+09
9.242657224285769463e+08
7.876967228313601017e+08
9.155154911328029633e+08
9.213654393821105957e+08
9.970239292194632292e+08
8.017511792405345440e+08
8.475657577537100315e+08
8.261155971491801739e+08
8.170039956427481174e+08
9.670307661369631290e+08
8.449277269505624771e+08
9.348402110471273661e+08
9.468128484961460829e+08
8.905279693959586620e+08
7.923105706571240425e+08
8.844943168376188278e+08
9.503224566157609224e+08
9.825068913152123690e+08
8.948344622741814852e+08
9.004700041004867554e+08
8.433823153842660189e+08
8.661643504223667383e+08
7.637825110745108128e+08
8.115134446193878651e+08
9.300236938040770292e+08
8.149279688074663877e+08
7.791226540552798510e+08
9.476426031367940903e+08
8.754118079886943102e+08
8.203922712952913046e+08
9.118649171783680916e+08
7.746939802320138216e+08
8.724343039154725075e+08
8.373932816275724173e+08
9.261522161434568167e+08
8.121055678481345177e+08
8.672862037564888000e+08
8.142984151852397919e+08
8.315284316239088774e+08
7.164561235742874146e+08
8.257407594582364559e+08
8.337735677657078505e+08
7.553577345980123281e+08
8.324460428223696947e+08
8.338179193456081152e+08
7.379525861312114000e+08
8.736169237179472446e+08
7.360802419798600674e+08
8.878884815837073326e+08
7.162116671255644560e+08
7.208040364874600172e+08
7.373377476408534050e+08
7.328452946443538666e+08
8.728864923428475857e+08
7.456748283896296024e+08
8.945990062864959240e+08
8.446679444566901922e+08
8.020483474179235697e+08
8.480476688494485617e+08
7.911782397176184654e+08
8.963520743768281937e+08
7.224416283640996218e+08
7.618555300147519112e+08
8.175058008822953701e+08
8.801598494891129732e+08
7.209053072752134800e+08
8.783289254263036251e+08
7.342120101287834644e+08
7.469506015528366566e+08
7.630880902889329195e+08
7.428663457390645742e+08
8.596051590530840158e+08
8.727184429195263386e+08
8.955349276578954458e+08
7.395406387152218819e+08
8.946602981103990078e+08
8.619993033675403595e+08
7.339826852892844677e+08
7.608340270396208763e+08
8.397048394881384373e+08
7.288070307477447987e+08
8.495150653386933804e+08
8.270310036434938908e+08
7.762385561729025841e+08
8.000582722694224119e+08
8.368616043330755234e+08
7.018015542967790365e+08
7.317452987902499437e+08
8.901275791804693937e+08
9.433465719260666370e+08
8.407365864190636873e+08
7.630580224185931683e+08
8.963325488979535103e+08
7.574302396117854118e+08
9.129478419901938438e+08
8.608472968015782833e+08
7.956464682708723545e+08
8.771746517221674919e+08
8.681779168749413490e+08
8.759846020122241974e+08
8.445285245716331005e+08
7.036302551567680836e+08
7.326492222421115637e+08
7.477240315421599150e+08
7.631196508269264698e+08
7.600767782983254194e+08
7.844860615267045498e+08
7.912612086407288313e+08
7.346580742913360596e+08
7.620521577119650841e+08
7.320024539060268402e+08
8.185238244687995911e+08
8.185997003688491583e+08
8.473847599779325724e+08
8.265039004097573757e+08
9.313954378676432371e+08
8.046955929373183250e+08
8.767999470561790466e+08
7.589555427823290825e+08
7.873323874482270479e+08
8.073715501361870766e+08
8.220931769983351231e+08
8.921866041436188221e+08
7.591976545896232128e+08
8.453545167158952951e+08
7.609767213592478037e+08
7.679830680591861010e+08
8.385818864918438196e+08
9.042097690372874737e+08
7.917392929821826220e+08
8.708754968615257740e+08
9.278883287338937521e+08
7.722594927352031469e+08
7.993813549618279934e+08
9.151703180927307606e+08
7.591305071864430904e+08
8.740137737900691032e+08
8.030157688085387945e+08
8.402064707899949551e+08
8.981306830228284597e+08
8.633634027066984177e+08
7.754016567702273130e+08
9.154990667024114132e+08
8.078782792776924372e+08
7.908583205829912424e+08
7.771869065764653683e+08
8.276669723338441849e+08
7.557918314336421490e+08
7.034663987505352497e+08
7.544232836894518137e+08
7.509771898490910530e+08
8.049913259925243855e+08
9.064142720539911985e+08
7.221437734721963406e+08
7.206083097632298470e+08
8.355354657226545811e+08
7.863565268124976158e+08
7.851939428031604290e+08
7.910780671289805174e+08
8.405465082655839920e+08
7.130835661606163979e+08
7.029048617351888418e+08
7.737017205658594370e+08
8.260935327524206638e+08
8.026546418647547960e+08
9.284482867801722288e+08
7.261467636502776146e+08
7.740476700048091412e+08
7.483775541431825161e+08
9.187450097459726334e+08
8.004719406844772100e+08
9.080329973213292360e+08
8.796369115203098059e+08
8.694789344289343357e+08
7.217388269442267418e+08
7.322204502471776009e+08
8.980704541852672100e+08
8.562619862459901571e+08
8.894299379353961945e+08
7.515463679456387758e+08
7.499233798016967773e+08
8.058055031138292551e+08
8.440110336749669313e+08
8.762821434676570892e+08
9.054564957550585270e+08
7.035922905978653431e+08
8.626422957927038670e+08
8.538716822880024910e+08
7.308743195864586830e+08
8.853227795668940544e+08
7.059941220814949274e+08
8.119558853602710962e+08
9.146528051078640223e+08
9.071577857236064672e+08
9.236865758338619471e+08
7.842837956545443535e+08
7.058125787389112711e+08
8.787316753568400145e+08
8.364709469083976746e+08
9.055341469619442225e+08
8.059541070840855837e+08
8.197778280407019854e+08
8.929147648054139614e+08
8.586338488116381168e+08
8.062371043828078508e+08
7.065035770220172405e+08
7.191708914981119633e+08
8.745902638045413494e+08
8.743469719822854996e+08
7.845504442194290161e+08
8.534452597019052505e+08
7.811764663584958315e+08
8.060532777663283348e+08
7.324250157125871181e+08
8.996574185873869658e+08
9.048186285072965622e+08
8.817713949390687943e+08
7.918567049454973936e+08
7.890180997753145695e+08
7.834300579937082529e+08
8.717926077414264679e+08
9.034129000386296511e+08
7.811472544248309135e+08
8.690748340867478848e+08
7.065615905248045921e+08
7.588634030502517223e+08
8.724076943582744598e+08
8.734641435841724873e+08
8.789288520293922424e+08
8.723627762722734213e+08
8.250109294693644047e+08
7.543983866652466059e+08
8.443982150852979422e+08
8.795919213663868904e+08
9.090195672061761618e+08
8.242120025220844746e+08
8.661196786539992094e+08
8.704209367015283108e+08
8.344636198251309395e+08
8.695907754406778812e+08
8.168352408359063864e+08
7.200672792269127369e+08
7.059675586835068464e+08
7.014011858363969326e+08
7.174493414110269547e+08
7.674147840230258703e+08
8.405456576820135117e+08
7.690856985173611641e+08
9.053324705139950514e+08
7.452996697523487806e+08
7.350292836041777134e+08
8.461626126996448040e+08
8.825423115632767677e+08
7.359009471670373678e+08
8.634167291385939121e+08
8.399405344981193542e+08
7.276844356894793510e+08
8.799814505223778486e+08
7.939467611946822405e+08
8.976584947957018614e+08
8.271085650366395712e+08
7.162670169894957542e+08
8.694595463982977867e+08
7.188263410445423126e+08
7.950760464489446878e+08
7.754832219565192461e+08
8.510969057432981730e+08
7.357240827632471323e+08
8.106982334064956903e+08
7.945013036413938999e+08
9.081314238567279577e+08
8.839652265506528616e+08
8.231742187390244007e+08
7.552999561945891380e+08
8.159277911631203890e+08
7.830831711565694809e+08
7.935220444840062857e+08
7.336559767791569233e+08
7.557191921990863085e+08
7.631449245563027859e+08
8.779345976472101212e+08
8.867527693880901337e+08
8.048911748033769131e+08
8.164713054300650358e+08
8.998120882735861540e+08
9.121769459565331936e+08
7.566252347121503353e+08
8.635780289866504669e+08
8.541649237023699284e+08
8.606344590150799751e+08
7.286490304139661789e+08
9.089322702786469460e+08
7.343505404175187349e+08
7.323128292666206360e+08
8.536297365305520296e+08
7.619588499415184259e+08
7.117342061850463152e+08
8.823108844006382227e+08
8.049570642310483456e+08
8.808859043066185713e+08
8.402809455552246571e+08
8.730695865806970596e+08
7.248910410903608799e+08
7.798063658985120058e+08
7.455023022867069244e+08
7.893505772739717960e+08
8.662815551741970778e+08
8.445199453266137838e+08
7.980589678379528522e+08
8.665968950960456133e+08
8.968557489376833439e+08
7.352325960645852089e+08
7.298006595068643093e+08
8.226612943649286032e+08
7.913469396249864101e+08
7.243527029490880966e+08
7.326236350022425652e+08
7.663084947435894012e+08
9.090120015844047070e+08
8.621493769498934746e+08
8.065250209718351364e+08
7.736155746790027618e+08
7.244352497925229073e+08
8.763149711944088936e+08
7.615863299590251446e+08
7.648937681141557693e+08
7.918108035955004692e+08
8.763694833789126873e+08
7.161923109342536926e+08
8.898204660469971895e+08
7.213855673016717434e+08
7.623649691595393419e+08
7.155711675013482571e+08
8.899841410876749754e+08
8.991778757169314623e+08
8.144983099426667690e+08
7.819676011710327864e+08
7.110162348258278370e+08
8.480180173804714680e+08
7.157836292332589626e+08
7.159580730603017807e+08
8.565230569018921852e+08
8.086707109903249741e+08
9.022975667628041506e+08
7.339863542457759380e+08
8.342533954703674316e+08
7.377939134444563389e+08
8.368649388636445999e+08
7.892447842104806900e+08
7.475239915199984312e+08
8.844650496096538305e+08
7.028044348360261917e+08
8.113181014133296013e+08
8.427817599394367933e+08
8.001048031223803759e+08
7.469674746351593733e+08
7.788693542182840109e+08
8.184245060942145586e+08
8.034599877220441103e+08
8.699531574422907829e+08
8.699772889535449743e+08
7.137370257222106457e+08
7.149943576413751841e+08
8.873960379467300177e+08
7.470921587858603001e+08
8.986612153381485939e+08
8.147345956974447966e+08
8.951191025818891525e+08
7.485549897114063501e+08
7.710402483091129065e+08
8.654778766008545160e+08
8.930725984179110527e+08
7.868139899245053530e+08
7.728789471009775400e+08
7.904945840901472569e+08
8.695879998397829533e+08
7.872522568690776825e+08
8.951993942417483330e+08
7.992836101678748131e+08
8.020085218371944427e+08
8.006545739674869776e+08
9.251827326933584213e+08
8.067354788612711430e+08
7.315787251273005009e+08
8.064473952502690554e+08
7.553576752532267570e+08
8.223385835947655439e+08
8.460485051321092844e+08
7.761727712461075783e+08
7.721940688976848125e+08
8.055362116468220949e+08
7.268954454389977455e+08
8.738832998472214937e+08
8.069049298549784422e+08
9.202158863627744913e+08
7.489567268040802479e+08
8.126562434250417948e+08
7.806414024789718390e+08
8.626619025724138021e+08
9.191356682420294285e+08
9.057659954565147161e+08
9.220501371989824772e+08
7.392692063864597082e+08
7.910004582262407541e+08
7.086621840923511982e+08
8.792505962831962109e+08
8.942578599376833439e+08
7.425461955495128632e+08
7.159448887145149708e+08
8.362440184240477085e+08
8.222793284736485481e+08
7.780490743572061062e+08
7.284168554002473354e+08
8.669998602702603340e+08
8.409149895238349438e+08
7.495532590649750233e+08
7.410076502988874912e+08
8.533863946426669359e+08
8.835109094651269913e+08
8.284527370121110678e+08
7.191657703323827982e+08
8.891337448667852879e+08
7.821777719099873304e+08
8.245486548395156860e+08
7.809472053612892628e+08
8.584028681980814934e+08
7.730617197657904625e+08
7.464314026055184603e+08
8.431419219890865088e+08
7.797349825767391920e+08
7.822598039568789005e+08
7.153858036826425791e+08
7.199871243999396563e+08
7.044618327150900364e+08
7.602732154860634804e+08
7.290369296498374939e+08
8.342081949594196081e+08
8.095722952035819292e+08
7.413450755440487862e+08
8.298806705857095718e+08
8.489257190283095837e+08
9.098583537326583862e+08
8.665694855128835440e+08
8.509925426536736488e+08
7.926411418855530024e+08
7.164454434140925407e+08
7.423629292182573080e+08
7.555315317613372803e+08
7.211372988336659670e+08
8.580825121639999151e+08
8.561024587186622620e+08
7.329795105368199348e+08
7.115422227350630760e+08
8.632941715318723917e+08
8.032373518257757425e+08
7.269144873092507124e+08
7.604206162602663040e+08
9.040281151390324831e+08
7.919622275040968657e+08
8.797845109326157570e+08
8.084006761354385614e+08
8.177191908408055305e+08
8.177985394214413166e+08
7.525353338003697395e+08
7.271132143552775383e+08
7.304539753228346109e+08
7.318566438470737934e+08
7.482486508031513691e+08
8.987153936167688370e+08
7.884013221128263474e+08
8.710687302231888771e+08
7.243189964312185049e+08
7.593258585957622528e+08
8.021600722485600710e+08
8.028243353412758112e+08
7.570292556536955833e+08
8.439805877901654243e+08
7.415887206747832298e+08
7.998231168367645741e+08
7.241387808758040667e+08
7.868077950115020275e+08
7.418840724648046494e+08
7.924339964353424311e+08
8.636197662398867607e+08
7.873670280907425880e+08
7.549470894089087248e+08
8.322593919809687138e+08
7.378619696865669489e+08
8.548418699281880856e+08
7.947799622144902945e+08
7.653925959076812267e+08
7.376487586997773647e+08
7.271318731992826462e+08
8.952759609257278442e+08
8.943330404426822662e+08
8.205097877411117554e+08
8.059225679814573526e+08
7.673154784279509783e+08
8.245430429750806093e+08
7.248867653779001236e+08
8.299081150185129642e+08
8.475760120324059725e+08
8.105216988537499905e+08
8.328785102290369272e+08
8.072737648491505384e+08
8.572705871806745529e+08
7.965075448133012056e+08
7.825453310299599171e+08
8.640812618221685886e+08
8.894372700458183289e+08
8.531619950482050180e+08
7.219483475039207935e+08
7.764414568811808825e+08
8.424269439137210846e+08
7.810312253488041162e+08
7.344803554406006336e+08
7.541009705883207321e+08
8.049764257041362524e+08
8.335867306999436617e+08
8.015564744855486155e+08
9.067434977883368731e+08
8.376635455021365881e+08
8.273557449845852852e+08
7.713916614690437317e+08
7.487360293427362442e+08
7.790981360282633305e+08
8.278958647115532160e+08
7.288154963779946566e+08
9.073562483167924881e+08
7.887392142458156347e+08
7.605242665255181789e+08
8.499655430017791986e+08
7.725709502161630392e+08
7.861700282196807861e+08
8.970667862761410475e+08
8.225404489664570093e+08
9.122056180484335423e+08
8.659960026447043419e+08
7.983449814840928316e+08
8.435628831868844032e+08
9.184806490980616808e+08
9.638113660655782223e+08
8.185498587530491352e+08
7.683492684616947174e+08
7.896872302343575954e+08
9.358106258451412916e+08
8.645503345871303082e+08
7.286412129504545927e+08
8.244487237397959232e+08
7.251529901818721294e+08
8.426675506049869061e+08
8.480289243973011971e+08
8.172133125714609623e+08
7.845875966082756519e+08
8.936999968205885887e+08
8.980133578180887699e+08
8.007559632304787636e+08
9.675727646684236526e+08
9.178940098604189157e+08
8.306747472127953768e+08
8.771186598986567259e+08
7.612210101568506956e+08
8.793751255426683426e+08
7.399003713061872721e+08
9.122323856695795059e+08
7.300046797898854017e+08
7.457648572557359934e+08
7.169733073878157139e+08
7.764052064176110029e+08
7.246009602652331591e+08
8.827598642146515846e+08
7.495654124811682701e+08
8.491346530148046017e+08
7.178351846042647362e+08
8.762909296108584404e+08
8.220318406268389225e+08
8.477037930080947876e+08
7.902266109403799772e+08
7.247892548443185091e+08
8.418187872485086918e+08
7.837635108038116693e+08
7.628456871663391590e+08
7.924367244814393520e+08
8.868337300362515450e+08
8.443153161846995354e+08
8.810532591622552872e+08
8.039228543742499352e+08
8.911251555337560177e+08
7.576001567540831566e+08
8.240195655089428425e+08
9.003806426611714363e+08
8.868927676389584541e+08
8.976822212554781437e+08
9.361992794876040220e+08
8.557726656397020817e+08
7.294405713655290604e+08
8.192981759864096642e+08
7.526534138400280476e+08
7.561649242155537605e+08
8.570177413943274021e+08
8.025776420638490915e+08
8.355992446831506491e+08
8.606591712877925634e+08
8.642055815963867903e+08
7.934657752737811804e+08
8.880865230170936584e+08
7.107530334734122753e+08
7.202037870953626633e+08
8.227059077784357071e+08
6.991642400350790024e+08
7.510508550419571400e+08
8.294482123975149393e+08
8.517808588221226931e+08
7.719960984181163311e+08
7.365989362257765532e+08
8.266900064168546200e+08
7.136799123937724829e+08
7.967111832592226267e+08
8.034861109606068134e+08
7.422929512146980762e+08
7.284166373438369036e+08
7.884764439236432314e+08
7.409145494249688387e+08
9.193178064709753990e+08
8.007586004314255714e+08
7.406847794286322594e+08
9.136559590810961723e+08
7.833370137723511457e+08
7.194889796360172033e+08
7.669160381326581240e+08
7.176049077082359791e+08
8.163959699521335363e+08
7.016176262881098986e+08
7.156640563612346649e+08
8.377959007493447065e+08
7.591476471548888683e+08
8.059314923351985216e+08
7.514945148359709978e+08
7.841492737875367403e+08
7.736835609773619175e+08
8.895604728230645657e+08
8.899437506801626682e+08
7.924031478565783501e+08
7.697915269053969383e+08
7.541789526211783886e+08
7.544547278048087358e+08
8.477859740233824253e+08
8.606057924242860079e+08
7.470889414071605206e+08
7.911784982223608494e+08
8.452024641306004524e+08
8.692470496169447899e+08
8.947028071545972824e+08
7.339883502182531357e+08
7.224257598803284168e+08
8.953672161207407713e+08
8.985365348145241737e+08
7.799941097359371185e+08
7.582125602872971296e+08
8.379155228174881935e+08
8.917622931969690323e+08
7.639400265366562605e+08
8.155919138413304090e+08
7.197333168055224419e+08
7.769390409450335503e+08
7.366444760970050097e+08
7.519448360928379297e+08
8.643240488010132313e+08
8.069151469006901979e+08
8.799328799451754093e+08
7.258848215266239643e+08
9.061027113766585588e+08
8.316462654775148630e+08
8.359518391260343790e+08
8.602817636301813126e+08
7.151347261250170469e+08
8.939244769352788925e+08
7.166869439969714880e+08
7.633373307763416767e+08
8.089738970845643282e+08
8.862141707984515429e+08
8.208507250585867167e+08
8.798037370144529343e+08
8.885132634917727709e+08
7.046161056434800625e+08
7.481917607404774427e+08
8.271287644435904026e+08
7.642661722795277834e+08
8.843467808879437447e+08
7.897710064241493940e+08
8.251642842503297329e+08
8.166262571532156467e+08
8.004583052172892094e+08
7.045734046330280304e+08
7.490546069178303480e+08
7.745677843857917786e+08
7.595409862828192711e+08
7.152871402174272537e+08
8.720434171994554996e+08
7.416418406137049198e+08
8.647981252689442635e+08
9.056453293776855469e+08
8.171005382519271374e+08
8.723350476034889221e+08
8.015452472770153284e+08
8.059601944492764473e+08
7.726489689734423161e+08
8.664527621515944004e+08
8.045166581493588686e+08
7.604869490627026558e+08
7.729516330265488625e+08
7.235085114105957747e+08
8.050676363498034477e+08
8.357699301523065567e+08
7.278090008076866865e+08
8.485197250900015831e+08
7.323864002418217659e+08
7.620415749160914421e+08
7.569004493472070694e+08
8.254724669427142143e+08
7.177978337884411812e+08
8.177294710829920769e+08
8.744202222588701248e+08
7.388560027861433029e+08
8.759978670753388405e+08
7.913940954006195068e+08
7.588595897106428146e+08
7.724606990530920029e+08
7.936309415035880804e+08
8.918882872559145689e+08
7.593772568828306198e+08
8.844804258982371092e+08
7.505038197324579954e+08
8.322727983261051178e+08
7.884159447968806028e+08
7.547459467138782740e+08
8.307696335341874361e+08
8.731135482102320194e+08
8.843938099073765278e+08
8.329009581842099428e+08
7.934652705593221188e+08
7.924650583903992176e+08
8.797707304344462156e+08
9.123378557207624912e+08
7.669198399984488487e+08
8.912187470274804831e+08
8.689956285315541029e+08
7.395549162004308701e+08
7.968131007601077557e+08
9.054675033220109940e+08
7.920513095869710445e+08
7.486010068538529873e+08
8.297123538274683952e+08
7.848628013680173159e+08
7.236304976556090117e+08
8.529067011461865902e+08
8.315209822703318596e+08
7.530906685634639263e+08
8.398638569931581020e+08
8.954683520811975002e+08
8.396545801339555979e+08
8.584458706198110580e+08
7.038848876824409962e+08
7.929693866577565670e+08
8.191686196728103161e+08
7.379903424000581503e+08
8.026240018003034592e+08
7.163839002127497196e+08
8.609622089393997192e+08
8.348529734172692299e+08
8.770996530259264708e+08
7.590627477600160837e+08
7.184634804071199894e+08
7.643546464677312374e+08
9.156693050431565046e+08
9.366302055464113951e+08
7.491061645643711090e+08
8.283026673288251162e+08
8.358441100448284149e+08
8.668224286225844622e+08
7.389892294720158577e+08
7.632966917451744080e+08
8.460188307719079256e+08
7.073842791587769985e+08
8.922589858760926723e+08
8.007565812483510971e+08
8.302529952156026363e+08
8.057282154817968607e+08
8.120200851160959005e+08
8.708585027931234837e+08
8.568447544497987032e+08
8.104941090258662701e+08
8.722360819458537102e+08
8.800068285538036823e+08
7.454996356676541567e+08
7.884517784368577003e+08
7.437406306946365833e+08
8.056502229187219143e+08
8.824260706802554131e+08
8.574705239068472385e+08
1.640419382913160324e+09
7.165529548154555559e+08
8.370766898156046867e+08
7.869524472430729866e+08
9.128801890009634495e+08
8.923927332216008902e+08
8.593317623598649502e+08
7.116026094359153509e+08
7.493755684024050236e+08
8.601545955829118490e+08
8.233220301215124130e+08
8.557855174229996204e+08
8.690144984119561911e+08
7.157468475455331802e+08
8.540152731949768066e+08
7.493262119193785191e+08
7.676420158752031326e+08
8.262808593924987316e+08
8.679901816822926998e+08
8.117706208723394871e+08
8.926846006449346542e+08
8.645878754289088249e+08
7.065368054473118782e+08
8.548404998866038322e+08
8.858598854767827988e+08
8.789289626734206676e+08
7.351923336014761925e+08
8.772255438578118086e+08
8.777708702287222147e+08
7.299612599735459089e+08
8.091075490636761189e+08
8.753761659093573093e+08
7.207830578381917477e+08
8.100690650631718636e+08
8.507979930130662918e+08
8.071648106685898304e+08
8.635416739631018639e+08
7.545520857863217592e+08
7.080336737517075539e+08
7.535601674691455364e+08
8.541715390338360071e+08
7.376927068546805382e+08
7.254652495013864040e+08
7.595936209424018860e+08
9.239286261852196455e+08
8.330659268509753942e+08
8.647639509256720543e+08
7.118153170401916504e+08
7.281715667637248039e+08
8.074399413326358795e+08
8.217420958161336184e+08
8.178677685072278976e+08
7.679995839291268587e+08
8.659215417318123579e+08
9.142894587652611732e+08
8.099042677124001980e+08
7.656493137302156687e+08
8.315137138322174549e+08
7.961745686214867830e+08
7.519245288648475409e+08
7.773121629917653799e+08
7.858872663282682896e+08
9.079497277204749584e+08
9.104831091769993305e+08
7.666750642589976788e+08
8.128128287023538351e+08
8.645547919608700275e+08
8.726599170812853575e+08
7.417709972548927069e+08
7.570068647392097712e+08
8.497394593734037876e+08
7.758476957397387028e+08
8.289299887147845030e+08
8.458008523326182365e+08
8.776403845809707642e+08
8.392344878764514923e+08
7.632091262546216249e+08
7.969794061226345301e+08
7.802438350717204809e+08
7.478561593675591946e+08
7.440196426079163551e+08
8.645947779403597116e+08
8.331439782660200596e+08
7.146165568053941727e+08
7.775271482900500298e+08
8.226222411643888950e+08
8.277400724957792759e+08
7.341604962697808743e+08
8.892936812580835819e+08
8.406340001143327951e+08
8.170220817295072079e+08
8.442936131628434658e+08
7.267217916531649828e+08
7.376068215331282616e+08
7.626327988973847628e+08
7.119570759678214788e+08
8.265419758020436764e+08
7.544203607268440723e+08
8.154531470028889179e+08
8.665392042541444302e+08
8.082478181225576401e+08
8.207040781160018444e+08
8.656546790898363590e+08
8.441344806059206724e+08
7.594008740046610832e+08
7.620850429465528727e+08
8.541890838987545967e+08
7.805127429759920835e+08
7.650336143272615671e+08
8.377319553536355495e+08
7.789392494655475616e+08
7.767720594353487492e+08
7.796710263767789602e+08
8.138999998475098610e+08
8.528780154249233007e+08
7.732158979451719522e+08
7.287696574496828318e+08
7.805579790071073771e+08
7.812315446803691387e+08
8.673474851756250858e+08
7.229195046812241077e+08
7.282769458660297394e+08
7.177903464607601166e+08
7.613288278433244228e+08
7.993156923587293625e+08
8.489768400474698544e+08
7.563022496916635036e+08
8.341915716729657650e+08
9.242733198385453224e+08
8.241720505394918919e+08
7.677193943652960062e+08
9.016764477089266777e+08
7.823466472835159302e+08
8.200475306908538342e+08
9.465699983511350155e+08
8.211149483243803978e+08
8.313565143186980486e+08
8.115189052169404030e+08
7.745482167594089508e+08
7.420169038485577106e+08
8.985625401684944630e+08
7.220177583821815252e+08
8.872328714082815647e+08
7.658061258386641741e+08
8.622740334226062298e+08
8.576553646098179817e+08
7.994666821571916342e+08
7.648338831394448280e+08
8.223743639185281992e+08
8.252149993839614391e+08
7.427949140268391371e+08
8.976403558411595821e+08
8.572098920977928638e+08
7.359255523159885406e+08
8.412221571543408632e+08
7.819105011459258795e+08
8.888124846589243412e+08
7.131181341311056614e+08
8.968202126267254353e+08
8.405407480480757952e+08
7.533113008650603294e+08
7.794392151768343449e+08
7.234146661325026751e+08
7.589722423042849302e+08
8.157838375849997997e+08
8.402041161117284298e+08
7.699825689945235252e+08
7.377906121973961592e+08
7.504961493198552132e+08
8.658610334976420403e+08
7.694631740924377441e+08
8.114459704381067753e+08
7.460126238831605911e+08
7.885241162277482748e+08
8.674454020733016729e+08
9.132651319513746500e+08
9.139267577448763847e+08
8.666148419032075405e+08
8.363220778953959942e+08
7.248224569639779329e+08
7.368105342425410748e+08
8.703488831070505381e+08
9.003600059016032219e+08
7.640370756911321878e+08
7.045555246934561729e+08
9.250084195355218649e+08
8.250648135841686726e+08
7.926806272313330173e+08
8.976424495375640392e+08
7.714287681421935558e+08
8.830552382398477793e+08
8.562195876715712547e+08
7.482443605786631107e+08
8.787746903551379442e+08
7.222608375367101431e+08
7.707173511554367542e+08
7.707859034782636166e+08
8.433893091434874535e+08
7.367084639162142277e+08
8.371008040365383625e+08
7.261630276634751558e+08
7.597067115639480352e+08
7.788943212163457870e+08
8.310504463507286310e+08
8.163679660571706295e+08
8.560925822944710255e+08
7.714583579376167059e+08
7.998065405201922655e+08
8.361704287938643694e+08
8.198474663104133606e+08
8.289323328668677807e+08
9.343777867701467276e+08
7.915544275265176296e+08
7.144678245681049824e+08
7.299135742671481371e+08
7.265536134800601006e+08
7.243596136326032877e+08
7.784743607778606415e+08
7.281959101377449036e+08
8.377713806457760334e+08
8.994060740644094944e+08
7.281227452383413315e+08
8.021301313047509193e+08
7.957898168815321922e+08
9.165452522536015511e+08
8.349721166971380711e+08
7.936247854142109156e+08
7.653660722710382938e+08
8.240438997827455997e+08
7.725074506453247070e+08
8.603089606849989891e+08
7.284133392719254494e+08
7.982280842350981236e+08
7.793302631440042257e+08
7.761664790681557655e+08
